	Postal Code	Median Household Income	time
0	AK	58570.96666666667	2013
1	AL	38090.92647058824	2013
2	AR	36571.98684210526	2013
3	AZ	42698.25	2013
4	CA	54336.08474576271	2013
5	CO	51169.95384615385	2013
6	CT	67704.55555555556	2013
7	DC	66326.0	2013
8	DE	56323.75	2013
9	FL	42942.39705882353	2013
10	GA	40639.13125	2013
11	HI	61189.0	2013
12	IA	50843.35	2013
13	ID	44467.02222222222	2013
14	IL	49556.06796116505	2013
15	IN	48144.69892473118	2013
16	KS	46688.3962264151	2013
17	KY	39323.46280991736	2013
18	LA	40983.338461538464	2013
19	MA	63283.26666666667	2013
20	MD	66658.2	2013
21	ME	44418.23529411765	2013
22	MI	43598.94047619047	2013
23	MN	53499.375	2013
24	MO	40523.50862068965	2013
25	MS	34871.072289156626	2013
26	MT	43512.54385964912	2013
27	NC	41691.87128712871	2013
28	ND	55393.72222222222	2013
29	NE	47762.53191489362	2013
30	NH	57994.818181818184	2013
31	NJ	70410.04545454546	2013
32	NM	40166.470588235294	2013
33	NV	53522.72222222222	2013
34	NY	52661.730158730155	2013
35	OH	47461.48314606742	2013
36	OK	42841.6282051282	2013
37	OR	45401.78378378379	2013
38	PA	48909.705882352944	2013
39	RI	61810.333333333336	2013
40	SC	39464.40425531915	2013
41	SD	46263.477611940296	2013
42	TN	40112.552083333336	2013
43	TX	45618.16470588235	2013
44	UT	54039.46666666667	2013
45	VA	51740.02222222222	2013
46	VT	49704.8	2013
47	WA	49464.225	2013
48	WI	49317.739726027394	2013
49	WV	38799.267857142855	2013
50	WY	56920.5	2013
