	ST	Clinton H	votes	Total.Population	Total.Population.Under.Poverty.Line	e	State.Poverty.Rate
0	DC	260223	280272	595078.0	109494.352	0.928465918821716	0.184
1	HI	266827	428825	1320187.0	125478.3675	0.622228181659185	0.09504590448171357
2	CA	5481885	8919517	36781241.5	4948667.09675	0.6145943777000481	0.13454323168373747
3	VT	178072	291268	623077.5	68823.0065	0.611368224453081	0.11045657482415912
4	MA	1964768	3231531	6529402.5	674722.20575	0.6079991186839921	0.10333597993844
5	MD	1497951	2474543	5705485.0	479623.76525	0.6053445019949139	0.08406362741291933
6	NY	4143541	7042956	19400999.0	2718330.296750001	0.5883241354908365	0.140112903296887
7	WA	1145821	2035633	6595147.5	792610.9280000001	0.562881914372581	0.12018092514231109
8	IL	2977498	5374280	12807837.5	1609753.26125	0.5540273301725999	0.1256850160107044
9	RI	225445	411006	1054974.0	125892.30549999999	0.5485199729444339	0.11933214041293908
10	NJ	1979768	3612425	8721221.0	781979.6442499999	0.5480440424368672	0.08966400968969826
11	CT	823360	1528817	3534292.0	315826.08425	0.5385602070097336	0.08936049546839933
12	DE	235581	441535	880883.0	94945.70249999998	0.5335500016986195	0.10778469161057709
13	OR	934631	1808575	3779240.5	522465.13725	0.5167775735040018	0.13824606749689522
14	VA	1916845	3844759	7855120.5	806566.0077500003	0.4985605079538145	0.10268028450359232
15	NM	380724	788841	2012019.5	366824.9159999999	0.48263718544041195	0.18231677973299956
16	NV	537753	1122990	2623157.0	301489.97349999996	0.47885822669836775	0.1149340178647332
17	ME	352485	736660	1322370.5	166893.32624999998	0.47849075557244863	0.12620769009139268
18	FL	4485745	9386750	18511865.0	2506809.5585000007	0.47788052307774254	0.13541636990654377
19	PA	2844705	5970107	12609487.5	1545777.6745000002	0.4764914598683072	0.12258846162462989
20	NH	346816	729632	1315944.5	102708.4345	0.4753300293846761	0.07804921446155214
21	MI	2267373	4789450	9961424.0	1460607.96425	0.47340989048846943	0.14662642251248414
22	WI	1382210	2944620	5643203.0	642956.7772500002	0.46940182434405797	0.11393472417171599
23	CO	1126384	2401267	4936203.5	597544.9405000001	0.46907903202767537	0.12105354661735485
24	MN	1364067	2911740	5246253.0	542658.36225	0.46847142945455295	0.10343732226600585
25	NC	2162074	4629471	9290594.0	1421224.7865	0.46702398610986007	0.15297458768513617
26	GA	1837300	4029564	9592660.0	1479077.44475	0.45595503632651074	0.15418845708593862
27	AZ	888374	1960053	6358441.0	954810.1705	0.45323978484255273	0.1501641944149517
28	OH	2317001	5325395	11524181.0	1602833.1582499999	0.4350852847535253	0.13908434432347078
29	TX	3852923	8883272	24482301.5	4103775.0140000014	0.4337279101664342	0.16762210913871808
30	IA	650790	1542880	3012617.5	346951.12724999984	0.42180208441356426	0.11516600672006978
31	SC	849469	2084444	4521115.5	728065.3264999999	0.4075278587479443	0.1610366571037612
32	MS	462250	1162607	2944768.5	628329.4012499999	0.39759781250241916	0.21337140805805274
33	LA	779535	2027731	4472459.0	820207.1614999999	0.38443708756240347	0.18339064964038795
34	MO	1054889	2775098	5946654.5	824237.9610000001	0.38012675588393635	0.13860532186626953
35	IN	1029197	2717840	6413135.5	860114.4655000004	0.37868196803343834	0.13411761929870347
36	KS	414788	1147143	2815476.5	348108.1802500001	0.3615835166147551	0.1236409468343991
37	MT	174249	484319	972836.0	142097.51775000003	0.3597814663475932	0.14606523375985267
38	TN	867110	2484691	6252529.0	1019619.9744999998	0.34898102017514454	0.16307320997631514
39	AL	718084	2078165	4706548.0	797526.85625	0.3455375295031915	0.1694504881815717
40	NE	273858	805638	1799232.5	212406.52975000007	0.3399268654159809	0.11805396453765707
41	AR	378729	1121684	2877030.5	514741.6680000001	0.33764322215525944	0.17891422006127503
42	KY	628834	1923346	4295683.5	755111.2982499998	0.32694793344515233	0.17578373691869983
43	SD	114938	367151	791757.0	102680.50250000003	0.31305375717347905	0.12968688941177664
44	OK	419788	1451056	3680712.0	600424.7727500002	0.28929827656548057	0.16312734404376117
45	UT	222858	801248	2707850.5	288478.26024999993	0.2781386037781062	0.10653404249976131
46	ND	93526	336968	656158.0	80544.99050000001	0.2775515775978728	0.12275243234099106
47	ID	189677	688235	1530077.5	207233.74925000002	0.27559917760648617	0.13544003441002173
48	WV	187457	708226	1832198.5	320378.66900000005	0.26468528407598707	0.17486023976113946
49	WY	55949	248742	543787.5	53212.5555	0.22492783687515577	0.09785542238466313
